0
0
0
0
0
0
0
0
0
0
0
0
0
0
0
0
0
0
0
0
0
0
0
0
0
0
0
0
0
0
0
0
0
0
0
0
0
0
0
0
0
0
0
0
0
0
0
0
0
0
0
0
0
0
0
0
0
0
0
0
0
0
0
0
0
0
0
0
0
0
0
0
0
0
0
0
0
0
0
0
0
0
0
0
0
0
0
0
0
0
0
0
0
0
0
0
0
0
0
0
0
0
0
0
0
0
0
0
0
0
0
0
0
0
0
0
0
0
0
0
0
0
0
0
0
0
0
0
0
0
0
0
0
0
0
0
0
0
0
0
0
0
0
0
0
0
0
0
0
0
0
0
0
0
0
0
0
0
0
0
0
0
0
0
0
0
0
0
0
0
0
0
0
0
0
0
0
0
0
0
0
0
0
0
0
0
0
0
0
0
0
0
0
0
0
0
0
0
0
0
0
0
2
6
16
46
88
117
140
156
152
162
161
149
154
162
174
176
154
179
168
173
181
171
183
209
194
169
196
181
193
201
187
184
175
180
200
212
207
230
195
195
223
213
216
196
184
247
220
226
239
262
248
252
273
259
271
261
259
278
278
329
291
330
326
342
354
361
396
397
461
471
541
662
839
1034
934
838
888
940
1201
1471
1247
892
667
474
437
387
351
328
340
339
352
348
344
317
369
374
425
449
533
544
489
441
464
569
798
868
913
860
578
503
457
516
491
507
537
461
371
350
359
376
342
358
357
352
350
354
351
323
339
314
373
309
341
320
333
319
336
338
322
337
305
352
339
365
362
339
348
338
355
321
329
314
344
315
339
342
351
352
346
339
336
346
367
331
314
361
332
325
341
311
344
348
335
342
340
342
382
354
413
435
433
398
319
317
328
338
292
326
355
287
316
316
325
303
324
337
343
302
280
320
339
335
352
347
343
324
356
363
341
346
333
326
339
321
304
357
339
329
341
332
334
320
377
373
362
306
294
332
284
303
298
308
353
267
308
311
295
287
312
319
330
298
325
297
331
335
341
309
323
312
309
275
320
280
306
264
302
271
312
314
289
269
253
283
261
268
297
264
262
249
280
279
294
264
295
278
261
253
269
281
284
278
265
283
293
291
258
256
251
301
242
264
225
285
226
248
238
246
257
255
281
239
267
261
277
254
260
257
247
252
259
234
241
276
260
256
286
250
269
263
228
227
254
241
258
260
240
263
275
282
268
253
261
237
245
242
249
241
251
259
245
272
280
282
269
282
270
263
251
264
287
287
256
228
258
230
269
212
247
244
245
240
244
244
255
253
239
235
268
248
248
221
220
235
225
237
225
216
225
239
234
223
255
239
205
206
220
245
238
248
224
244
230
241
227
213
225
234
209
203
258
213
221
232
238
205
225
230
221
211
238
215
245
222
205
230
241
233
216
230
225
230
225
222
228
206
209
218
249
241
218
213
198
200
235
240
256
230
239
221
210
214
224
215
236
211
273
248
232
208
211
212
237
219
198
195
246
201
180
177
209
212
192
205
186
177
212
177
193
202
179
195
189
212
176
197
178
188
211
213
214
192
209
193
178
205
217
193
184
173
216
240
214
206
179
206
164
180
177
205
250
286
605
1485
3197
5748
7656
7087
4106
1788
893
841
976
919
653
390
262
203
171
167
173
183
164
159
141
134
130
153
147
135
124
135
141
133
118
123
124
127
129
139
121
139
154
175
173
130
134
119
99
107
109
118
112
126
137
120
100
105
116
108
104
110
109
93
111
90
120
124
103
106
106
119
105
105
113
104
122
120
117
116
100
99
108
116
104
97
112
99
123
144
107
142
124
110
86
104
103
103
112
121
87
113
113
95
103
146
222
338
422
441
360
222
133
117
105
103
109
110
105
109
89
101
89
105
101
98
100
105
111
92
91
105
102
114
90
116
159
141
152
121
110
97
103
111
121
96
90
78
98
75
88
105
112
112
117
134
125
135
113
103
94
86
102
92
103
145
221
390
497
593
484
294
159
117
98
98
138
89
81
94
78
100
117
94
96
88
106
102
90
83
88
87
105
99
94
95
90
69
92
97
100
83
87
91
87
88
74
84
88
81
88
94
86
72
105
93
93
80
89
101
101
94
100
83
85
91
87
89
99
84
85
81
84
78
95
101
101
94
87
108
102
104
104
117
112
86
86
97
86
94
88
81
83
84
86
97
84
95
104
65
92
78
65
90
92
105
84
109
93
108
108
106
88
81
75
81
77
70
97
79
73
88
87
93
78
97
102
81
89
90
81
82
75
80
79
87
84
72
77
67
67
86
83
69
117
132
141
117
103
82
74
79
97
75
90
82
91
73
90
90
74
69
108
69
90
85
64
76
84
72
72
91
74
89
71
82
69
86
88
86
78
73
67
84
94
70
73
72
77
57
65
73
65
81
86
81
58
74
102
64
83
83
67
69
88
73
68
71
69
82
92
70
80
92
83
84
79
79
78
80
73
95
79
68
86
73
78
73
75
83
75
92
64
79
91
77
69
79
85
81
75
76
73
72
77
81
81
87
86
105
86
79
81
58
79
71
87
84
83
71
87
73
68
57
78
77
86
81
73
67
78
85
66
87
83
80
72
82
64
76
67
67
78
48
71
73
83
58
74
60
72
78
56
65
62
62
71
73
67
63
67
66
71
65
59
53
53
61
50
67
53
53
62
64
62
56
64
60
56
61
53
59
68
67
67
52
59
50
50
62
67
52
68
42
45
51
49
48
63
50
50
57
49
50
61
42
52
58
49
54
55
56
38
52
52
41
52
54
58
46
51
45
54
57
61
54
64
54
61
46
46
52
45
51
56
53
55
49
55
49
53
55
39
43
47
49
46
59
52
35
48
52
37
39
52
42
41
51
51
44
47
46
46
43
45
58
31
32
44
44
67
70
84
79
67
56
43
49
54
43
53
45
45
52
45
41
49
52
45
41
46
47
45
33
43
37
41
47
54
65
54
54
43
46
47
42
39
48
40
36
40
33
38
36
39
37
44
44
36
40
44
47
30
37
38
30
45
49
34
41
34
41
50
42
47
39
46
40
41
51
35
34
41
34
39
40
47
33
37
39
24
27
36
48
40
32
41
27
39
49
42
41
38
43
39
35
37
42
38
48
37
39
43
37
35
43
35
37
34
30
31
47
44
43
46
30
28
35
32
44
33
39
37
33
44
37
28
31
54
35
40
37
38
46
36
30
31
37
42
36
36
37
48
38
44
39
42
48
32
45
58
103
153
265
484
655
689
601
352
160
96
66
54
44
47
37
49
36
41
40
46
24
36
41
37
38
34
29
35
36
40
30
42
43
33
31
34
26
39
28
39
29
42
42
39
43
27
27
32
32
40
26
42
23
37
41
35
40
40
27
44
35
32
38
35
38
35
40
37
41
23
22
36
38
32
23
43
37
35
30
31
37
33
35
31
34
25
30
27
33
25
36
27
34
22
33
28
27
30
36
34
32
25
32
33
28
36
36
44
41
36
42
31
31
32
28
39
26
36
36
33
39
28
33
33
31
35
31
29
21
26
28
28
27
45
27
32
29
33
29
26
26
23
26
32
39
31
27
26
29
28
31
27
28
37
27
31
30
28
25
37
29
31
30
29
29
30
22
34
29
30
32
27
27
39
30
25
28
28
24
25
27
24
29
17
28
28
23
24
38
38
47
92
259
555
1165
1787
2247
2114
1539
716
300
135
68
51
59
41
48
42
34
44
40
24
31
27
33
29
22
24
33
15
29
32
29
22
23
30
23
21
23
23
28
24
24
21
20
27
29
25
28
26
27
18
28
15
26
25
33
21
20
25
15
21
17
17
20
22
18
30
19
28
21
26
45
41
70
88
81
60
39
29
20
21
18
24
20
29
19
14
17
24
24
18
18
32
17
9
21
22
23
17
18
17
11
17
19
18
28
16
20
11
26
23
16
24
21
20
18
19
18
21
15
18
19
21
15
21
21
30
22
26
18
19
26
19
18
19
19
20
20
20
17
15
21
19
21
22
16
19
23
20
22
12
19
29
14
20
28
27
18
18
22
16
20
11
24
22
20
20
21
18
19
22
21
10
19
18
18
21
19
15
20
15
22
20
25
17
19
18
16
20
19
16
19
22
14
22
19
10
21
17
14
15
15
19
19
20
19
20
18
16
17
16
14
24
22
20
19
18
15
12
17
18
23
21
19
24
16
19
18
12
14
17
12
13
14
18
9
15
16
13
23
17
13
6
9
20
18
17
16
20
15
20
11
12
21
16
10
23
20
29
15
13
19
15
14
12
10
16
9
14
14
9
15
17
17
13
25
21
16
15
18
19
12
14
16
18
13
12
16
15
17
17
16
15
13
18
18
20
12
17
16
13
21
20
15
11
15
9
14
18
16
11
12
13
16
8
14
7
22
8
13
15
6
9
19
14
12
15
14
11
15
14
15
20
17
21
14
11
17
10
11
16
19
14
9
13
18
12
13
11
18
6
11
13
18
13
23
15
24
15
15
21
12
16
9
15
8
11
21
17
16
14
16
21
27
16
19
15
12
17
17
14
43
61
135
215
298
388
400
273
137
73
40
19
17
20
13
18
15
23
14
15
12
21
23
16
16
16
13
12
13
7
15
20
19
16
4
8
8
10
11
13
13
13
16
10
13
13
15
16
14
21
15
14
11
10
22
13
9
16
11
18
4
11
16
16
14
7
10
11
19
10
14
11
10
17
6
15
11
17
13
14
15
9
15
14
5
8
18
13
13
18
12
11
19
13
17
17
10
33
22
53
54
42
34
28
19
11
16
12
16
14
9
12
9
27
19
19
15
16
11
10
11
10
9
12
12
14
7
16
11
6
16
9
11
11
12
13
14
8
13
12
12
11
9
7
7
7
12
11
5
11
14
15
10
7
12
21
29
48
49
64
71
60
26
19
19
10
13
10
14
15
11
5
9
9
17
11
12
17
10
8
14
14
16
18
25
5
17
9
9
8
7
18
15
11
4
14
10
5
14
11
10
8
7
12
7
12
9
14
12
13
16
11
13
14
12
13
11
12
8
16
11
6
11
12
8
11
10
8
14
11
10
12
13
10
8
9
9
12
9
6
9
7
8
10
12
9
8
10
15
5
9
7
7
12
12
12
12
8
10
6
11
12
11
13
12
10
7
11
7
18
19
14
15
12
11
14
14
20
7
8
6
11
7
9
10
8
12
8
12
11
9
13
19
10
19
10
12
11
15
10
7
9
10
11
16
11
7
8
17
9
5
9
9
12
8
13
8
10
11
12
13
14
7
7
8
12
14
12
11
16
11
8
10
10
9
7
11
11
8
6
7
13
14
5
5
5
6
10
12
12
9
13
19
39
62
110
179
235
217
186
107
66
24
24
19
13
8
14
15
10
14
11
11
9
9
9
16
12
12
5
14
9
8
9
9
5
15
16
8
13
9
9
14
9
9
9
14
12
9
9
9
9
8
7
5
7
9
9
9
11
15
8
9
9
8
7
14
9
6
13
12
13
10
6
16
8
8
15
14
3
10
10
7
11
10
8
13
9
14
12
12
15
19
23
31
22
21
8
11
8
12
6
8
8
9
10
4
6
8
9
11
4
12
6
15
12
19
7
10
16
11
14
14
11
8
11
10
12
10
8
11
10
11
15
14
9
9
11
15
26
26
34
46
29
36
18
9
12
7
7
9
14
11
6
7
8
14
5
7
5
11
11
4
18
7
7
10
11
9
5
6
13
11
5
7
5
11
8
11
11
8
12
13
2
8
9
15
11
8
16
4
13
10
4
8
10
12
11
8
7
10
10
15
6
9
8
6
9
3
10
9
13
7
8
9
8
11
8
7
5
9
5
7
8
6
13
6
8
4
10
10
8
7
12
5
7
11
8
9
7
15
8
16
8
11
10
9
9
20
22
13
10
14
6
12
9
0
6
12
5
11
7
17
6
10
6
6
6
7
5
6
7
7
6
5
6
9
9
9
10
13
12
8
13
9
13
8
8
11
9
10
16
16
23
31
21
18
15
14
9
12
8
13
9
8
8
7
15
6
8
7
3
9
10
15
9
7
7
8
7
11
7
7
9
6
9
5
11
6
8
14
6
12
10
8
5
5
7
12
7
11
7
9
10
9
8
12
6
6
9
9
3
10
8
2
6
6
15
4
10
7
8
8
6
12
7
9
6
9
7
10
10
0
5
6
10
9
7
10
4
13
6
8
6
7
8
8
8
9
11
6
9
10
8
8
8
5
17
9
8
8
6
2
11
7
5
8
13
11
5
5
9
8
7
8
10
7
5
9
6
9
14
10
6
10
7
9
4
9
7
10
7
11
6
9
16
8
8
10
10
8
7
8
4
10
5
6
6
6
8
7
11
3
7
8
9
6
6
7
8
9
13
4
9
8
8
8
4
10
12
6
11
5
4
6
5
9
5
15
9
8
14
9
7
7
11
6
11
13
10
5
9
8
9
5
10
5
7
8
4
6
11
9
13
5
10
6
11
10
16
7
8
5
11
10
7
9
12
11
5
12
8
9
8
7
7
9
7
8
6
7
8
6
10
4
6
10
4
11
4
7
7
10
9
6
5
13
7
4
3
12
11
6
12
5
14
4
10
3
6
7
7
7
13
7
3
10
10
10
8
7
11
7
8
14
4
10
8
11
7
18
15
14
19
26
24
28
15
14
11
10
9
12
7
6
7
10
9
9
7
11
8
4
10
5
7
9
7
7
5
4
9
4
9
8
10
9
3
7
4
6
9
14
10
17
13
9
9
19
11
11
4
8
6
16
7
8
5
8
7
8
10
11
12
5
9
8
5
9
6
9
8
5
3
10
10
6
7
11
6
5
6
5
6
5
11
9
12
5
10
9
10
8
9
7
6
5
6
6
12
7
4
7
13
12
5
9
12
11
13
12
15
13
16
19
16
14
15
5
11
12
8
11
9
14
4
12
9
10
7
7
8
9
5
8
6
5
8
7
10
7
8
8
7
9
7
6
8
2
6
14
12
7
10
9
11
4
6
4
11
13
8
7
9
9
8
13
6
8
10
13
9
9
8
6
13
11
13
8
8
9
5
12
8
17
3
9
6
13
9
7
10
9
4
4
6
6
3
4
15
10
11
5
8
7
10
7
8
13
12
6
4
4
7
6
14
7
11
8
7
6
8
10
10
6
8
6
5
6
11
10
6
8
5
6
7
5
12
5
9
11
5
12
11
7
12
16
7
13
6
8
11
10
7
6
8
13
4
7
8
8
11
10
5
5
5
12
5
6
6
11
5
11
12
8
7
3
6
8
8
12
6
9
6
11
8
9
14
6
7
7
14
12
7
7
11
15
12
13
8
7
12
12
15
4
10
6
2
12
5
8
6
11
7
10
6
15
11
7
12
3
11
8
15
11
7
8
7
8
11
9
9
5
7
10
8
6
7
11
6
4
8
9
13
16
13
7
8
6
10
9
8
10
10
7
13
8
4
8
7
15
9
7
3
9
10
4
11
10
14
6
4
7
10
11
7
9
9
18
10
8
7
13
4
4
9
12
7
9
13
7
3
9
4
15
7
10
6
7
11
11
10
8
8
7
11
10
12
7
12
9
12
9
10
5
10
8
7
7
9
10
16
10
10
11
15
13
9
10
15
5
6
8
9
12
8
7
6
10
10
7
11
7
6
11
11
9
13
5
8
2
8
8
8
12
11
6
9
14
5
11
9
9
12
7
8
2
9
9
11
5
12
3
12
2
7
3
5
10
8
7
5
3
10
4
7
6
8
10
10
7
4
6
8
7
11
9
9
2
8
6
11
6
9
7
9
7
5
5
3
11
7
6
9
7
6
9
12
6
9
8
7
8
11
7
6
6
7
9
9
5
8
12
8
6
7
9
7
10
13
10
7
9
6
6
0
11
6
6
7
5
5
4
5
7
13
6
8
9
4
9
6
3
9
8
2
5
9
10
7
5
14
3
12
7
8
5
9
7
6
9
7
6
7
8
4
11
2
4
9
5
4
7
8
6
7
8
10
8
6
11
1
9
6
7
12
8
7
7
5
6
11
6
7
5
5
9
5
11
9
3
6
4
10
9
8
9
11
6
6
7
5
5
10
16
4
8
2
5
2
9
4
2
7
5
10
12
10
6
7
8
3
1
5
8
4
9
7
9
10
3
7
9
4
4
9
6
7
7
10
4
10
9
6
8
8
6
1
4
8
9
3
8
7
4
9
7
5
4
4
10
5
6
7
12
8
6
11
3
6
7
7
3
4
5
7
10
7
6
6
6
7
4
0
5
3
5
5
5
6
8
7
10
6
8
5
3
12
3
9
4
6
9
7
6
6
4
6
4
3
5
8
5
10
7
5
7
7
9
6
5
3
9
7
6
6
10
5
6
6
8
10
7
6
8
5
6
8
8
10
8
7
10
5
2
6
9
4
8
6
7
8
5
6
3
8
3
5
5
4
8
10
9
11
4
9
14
8
2
6
2
6
6
14
4
8
7
4
8
3
8
5
4
7
7
9
6
5
13
6
5
6
5
6
3
7
8
5
5
8
7
5
6
7
7
8
8
3
4
5
7
6
3
5
3
4
9
8
5
6
7
2
6
6
3
5
10
8
7
6
7
4
5
8
9
7
8
5
6
5
7
8
5
8
5
9
10
4
5
6
9
7
4
8
5
7
5
8
9
5
3
6
5
2
11
4
7
7
9
7
9
3
6
4
8
6
5
10
8
10
5
5
8
5
4
5
6
7
8
5
6
3
4
8
7
10
3
4
5
5
4
5
5
5
4
6
6
7
5
6
4
5
7
1
4
7
9
6
6
4
8
7
5
5
5
3
5
3
6
8
5
4
8
6
8
11
6
2
2
5
9
4
3
9
9
6
8
5
7
5
5
7
3
3
6
4
7
5
6
6
3
4
7
4
4
5
10
5
3
7
8
5
4
8
5
6
2
11
18
31
38
56
99
123
136
124
82
57
33
24
7
11
8
6
8
7
8
4
10
10
7
2
6
8
5
5
9
5
1
10
4
10
9
2
5
6
2
7
4
4
7
4
3
4
3
3
4
3
4
3
6
6
3
9
9
4
7
5
6
3
4
11
7
7
4
3
7
3
9
6
9
5
3
3
3
6
5
3
3
4
4
4
2
5
3
3
6
11
4
8
3
5
7
2
7
9
4
4
6
6
7
6
6
9
5
5
0
5
5
7
4
9
4
4
6
2
6
7
8
7
3
6
8
5
3
6
2
5
4
10
6
4
7
9
5
3
5
12
7
8
10
12
10
14
8
5
10
5
6
3
5
2
6
7
3
3
2
4
5
6
3
5
3
4
4
6
4
6
4
7
4
6
6
4
2
7
3
3
9
3
3
9
1
4
6
7
0
6
7
6
4
9
4
8
5
4
5
4
7
8
6
3
3
2
6
9
4
7
10
1
8
4
6
7
6
7
4
2
4
7
7
3
8
6
2
4
5
10
7
4
3
3
6
6
6
4
5
6
4
3
2
2
4
4
2
2
5
3
10
7
4
4
2
2
6
7
3
4
11
4
4
10
6
3
8
1
6
5
0
5
7
4
10
5
5
2
6
3
6
2
3
6
2
3
3
3
3
4
4
6
2
2
4
6
1
3
5
4
3
5
1
3
3
7
5
4
2
2
3
5
4
1
2
4
9
4
6
5
7
9
9
8
9
4
3
5
8
2
10
4
4
2
5
9
4
3
6
6
8
5
6
7
12
7
4
10
10
17
29
25
60
73
74
93
62
61
30
20
14
14
13
8
10
10
6
7
5
6
3
4
4
5
8
10
7
9
6
8
7
5
6
9
9
7
6
2
8
8
5
4
5
10
10
3
4
7
8
8
10
9
5
8
3
5
7
10
7
5
6
8
2
11
9
5
8
3
10
12
8
10
7
13
12
25
25
49
38
37
33
29
27
7
7
6
7
4
9
6
4
8
10
7
5
7
4
4
5
10
8
7
4
11
5
7
12
11
2
1
5
7
8
3
5
4
5
5
4
7
6
7
4
2
5
4
8
2
6
3
9
6
7
10
4
10
6
4
6
5
3
6
3
3
8
7
2
6
3
3
7
8
6
7
2
4
6
8
9
8
2
3
4
5
9
6
7
6
4
6
6
9
6
12
4
8
6
2
9
3
8
7
13
6
4
5
9
9
5
9
6
9
8
5
9
5
5
5
11
7
9
8
5
4
6
4
4
13
4
6
5
6
3
6
5
8
5
10
10
6
7
4
9
7
4
9
6
5
6
9
9
12
5
7
13
7
9
8
8
10
10
7
8
3
5
8
2
10
6
3
9
8
9
5
6
11
4
6
6
7
4
5
11
3
3
5
7
5
5
9
4
5
8
5
13
6
6
5
12
6
3
8
9
8
5
6
7
4
8
8
7
5
4
4
2
4
8
6
7
7
4
7
7
3
13
11
3
10
6
3
9
10
5
9
5
7
7
3
6
6
5
6
7
6
7
7
4
7
5
5
5
4
9
3
5
4
7
4
5
5
7
9
10
5
4
3
3
5
7
9
6
10
2
7
6
5
7
6
5
5
3
3
1
10
5
3
5
11
5
9
2
8
8
13
7
5
7
7
5
7
5
8
3
8
7
6
5
9
9
5
8
10
5
7
5
5
9
6
11
9
6
7
4
6
8
7
3
7
4
3
6
14
5
7
7
9
2
1
5
8
5
4
10
6
8
3
5
6
7
7
3
7
6
9
4
7
6
7
7
8
4
13
8
8
14
3
10
4
7
5
2
3
10
2
13
10
10
22
16
13
10
9
11
7
8
2
11
9
7
9
6
8
6
2
11
7
5
4
12
4
7
7
8
3
8
3
13
14
6
9
5
15
10
9
10
6
9
6
10
5
6
7
4
2
2
6
2
6
10
5
6
7
5
5
8
6
9
5
3
5
8
5
8
8
7
6
5
4
2
5
5
8
5
3
6
8
5
2
11
5
4
12
5
1
9
7
7
7
4
9
3
14
4
3
5
5
9
7
5
2
8
9
4
15
8
8
10
4
12
10
9
8
6
8
8
7
8
4
8
6
4
9
10
5
6
7
8
12
4
10
3
7
2
8
8
6
11
5
5
5
8
6
9
9
4
6
6
5
5
6
12
9
5
7
6
9
10
7
10
3
3
9
8
3
5
3
2
4
8
8
7
8
7
12
11
7
4
8
12
5
4
5
8
7
3
8
4
2
8
9
6
5
3
5
7
13
7
8
8
4
4
8
3
7
6
6
9
13
7
4
4
10
4
11
4
8
6
4
6
5
8
9
5
10
6
10
12
6
11
0
7
5
3
5
3
8
7
4
2
8
8
5
7
7
7
7
6
2
4
6
8
10
6
7
7
11
7
12
7
7
6
7
14
5
8
9
7
6
7
7
10
9
7
3
11
8
6
6
4
7
5
9
4
5
1
9
2
13
11
5
12
1
6
2
6
5
9
7
6
11
6
4
6
7
7
9
8
6
9
6
5
11
6
7
5
4
4
4
6
7
5
4
10
6
5
5
10
8
7
6
7
11
6
7
5
11
8
8
8
13
13
11
7
9
4
3
12
8
3
7
5
10
4
6
4
4
11
7
5
8
7
9
10
7
6
4
10
8
8
5
2
11
13
5
3
7
10
8
8
11
4
7
11
9
8
8
7
8
10
9
9
9
5
11
6
6
7
4
7
8
5
5
10
12
5
10
7
3
10
8
5
14
7
8
8
9
7
7
3
5
3
5
7
12
9
10
5
6
7
7
8
8
5
9
7
13
2
4
13
6
10
12
13
4
7
10
9
8
8
8
8
4
8
7
4
7
7
4
1
10
4
7
9
5
7
1
6
11
7
13
2
8
5
10
6
8
10
1
5
8
10
11
5
8
6
7
7
9
5
8
4
11
7
5
5
7
11
8
7
6
11
6
8
9
5
4
10
8
6
7
11
6
9
8
6
4
4
9
10
6
3
5
7
8
4
5
3
14
8
7
7
9
7
6
7
8
6
12
5
8
5
9
4
7
7
5
3
7
6
7
5
6
6
7
4
11
10
8
2
4
8
6
7
10
4
6
5
6
3
3
6
9
3
10
3
8
5
2
6
6
2
12
8
9
7
8
10
7
4
5
4
6
7
2
4
14
2
10
9
11
6
5
6
10
6
5
9
8
5
9
7
8
6
8
9
5
6
10
4
5
3
8
10
6
6
5
6
7
10
6
4
4
9
0
12
10
11
8
5
12
9
6
5
4
7
8
1
11
6
6
7
4
9
4
6
3
5
3
10
9
3
6
8
6
7
8
2
5
3
6
6
8
2
8
8
10
8
4
7
2
4
12
13
7
7
8
3
3
10
7
4
4
6
5
13
8
8
7
4
4
5
11
8
4
7
8
7
6
5
9
14
7
12
9
3
6
6
6
5
4
4
6
4
5
4
3
9
8
14
10
8
5
13
7
8
6
5
6
6
7
5
5
8
7
8
7
8
9
9
11
9
5
8
4
10
9
9
7
10
7
7
3
4
10
3
13
10
12
9
7
10
8
3
11
8
5
13
12
9
10
7
12
12
8
7
6
11
5
6
5
11
7
8
7
9
9
13
2
5
4
8
7
7
7
9
7
2
6
6
11
7
9
8
9
9
8
8
10
4
10
5
3
5
11
8
9
8
11
6
14
6
3
3
6
7
11
7
3
7
11
9
6
4
4
9
8
4
9
3
8
6
7
11
6
12
7
6
6
8
7
6
6
5
8
8
8
7
9
7
5
4
4
9
5
12
13
5
5
4
11
10
6
9
8
10
13
7
16
18
24
35
59
54
57
53
72
57
44
34
33
31
24
11
19
14
9
7
8
9
10
11
8
8
3
9
9
12
10
7
10
11
5
12
10
10
5
3
9
6
9
12
9
13
12
6
8
11
12
6
8
9
7
4
7
4
7
6
5
8
14
6
3
10
9
7
6
12
8
12
8
8
9
9
7
10
15
5
11
7
11
5
6
5
9
3
2
5
11
11
8
9
5
6
6
1
7
16
8
3
12
4
7
8
6
14
9
11
7
5
9
10
8
9
6
3
10
5
8
5
9
10
7
5
6
12
13
8
4
11
13
5
8
10
8
6
9
10
12
7
7
8
6
11
11
4
10
10
0
6
4
9
4
14
10
15
3
9
8
11
11
4
4
10
6
9
4
8
8
9
8
4
5
8
6
8
3
9
6
5
4
9
7
5
11
7
4
3
8
8
6
10
6
10
5
14
7
3
9
11
10
13
4
7
5
9
10
8
7
9
11
6
10
8
9
6
12
11
12
13
6
15
10
7
11
10
13
11
9
10
6
8
10
10
11
6
12
8
9
11
8
7
15
12
10
8
12
11
8
10
11
11
6
8
10
8
10
12
7
11
6
3
9
9
11
5
8
7
7
10
11
9
9
11
16
7
14
10
13
5
16
6
9
14
11
7
11
11
8
5
8
9
8
11
3
10
6
7
11
13
9
11
8
10
8
15
8
3
6
10
10
8
10
14
8
7
6
6
6
8
11
16
11
8
8
11
6
11
11
7
5
11
12
12
6
15
9
9
9
10
7
10
7
10
14
7
13
10
11
8
7
8
8
4
9
9
9
13
6
6
9
7
10
9
15
7
8
9
7
7
9
12
9
7
6
15
9
7
6
14
10
9
14
7
9
10
10
8
12
10
10
16
9
13
8
5
15
7
13
9
11
9
11
18
16
8
7
16
12
16
7
12
8
6
11
4
8
13
14
13
14
11
5
11
5
11
13
6
17
5
12
13
9
13
14
10
8
19
7
16
11
14
13
9
7
13
13
7
9
8
15
10
4
10
6
16
14
12
9
9
14
5
11
5
8
8
15
10
12
7
12
7
16
4
13
7
17
8
11
15
14
10
14
8
14
12
6
10
11
7
11
14
8
3
13
11
6
12
6
10
11
7
10
11
11
12
10
7
8
10
15
16
18
21
15
9
7
10
10
7
10
9
17
8
18
12
12
15
10
15
8
18
9
9
7
12
12
7
18
10
16
12
9
10
14
13
6
15
11
16
9
13
12
16
11
10
10
16
14
9
13
11
15
11
12
11
12
15
8
12
15
10
18
8
11
15
9
15
11
8
14
9
18
12
13
12
11
6
10
7
16
8
18
9
6
14
7
8
17
8
13
10
10
14
13
17
15
16
9
16
11
11
13
17
12
13
7
10
11
16
7
18
13
17
8
21
14
14
15
16
14
17
11
9
10
13
15
18
13
8
15
18
11
11
8
15
10
17
15
14
12
13
12
6
16
9
8
16
14
9
15
21
13
13
18
6
14
20
15
16
14
9
15
15
10
15
13
12
10
15
11
12
11
10
9
12
12
9
10
10
13
12
16
13
15
7
11
12
14
10
13
15
17
13
20
12
12
8
13
14
6
10
17
15
14
15
7
21
11
18
9
15
15
17
10
14
9
12
15
7
18
11
19
8
12
7
13
12
11
5
14
15
8
9
6
7
8
7
5
10
14
14
9
6
15
10
2
7
9
6
4
9
12
5
11
11
13
7
11
11
9
7
8
5
7
10
5
6
10
7
6
11
11
13
10
9
13
5
4
8
8
10
8
12
8
8
6
6
8
8
7
5
6
3
13
9
9
6
4
15
7
4
5
6
10
4
9
4
6
12
7
8
10
12
4
7
11
5
7
12
12
12
8
7
9
6
9
8
5
6
8
8
9
7
10
7
11
8
8
5
6
6
5
9
9
9
9
8
16
6
8
7
7
8
8
10
11
6
10
6
2
8
7
7
5
8
8
8
11
8
7
5
5
9
8
5
8
8
4
11
6
4
8
4
10
5
8
6
7
7
9
8
6
10
11
8
6
5
5
8
8
7
7
6
7
3
5
5
6
4
6
7
12
9
4
4
5
5
7
6
5
7
10
6
3
6
9
9
6
8
8
2
7
4
3
8
6
4
7
5
3
5
7
4
4
5
7
3
4
4
3
3
8
2
2
6
2
5
1
6
6
3
6
12
3
3
4
9
5
3
12
7
4
4
4
5
4
6
2
3
4
2
6
1
1
2
3
5
2
1
11
8
5
4
4
2
1
3
2
2
3
7
2
3
6
4
4
1
2
7
4
1
3
3
2
5
5
4
5
4
3
4
2
3
3
4
2
7
6
7
2
3
2
1
3
3
4
4
1
4
1
3
3
4
0
3
3
4
1
1
5
4
2
3
1
3
1
1
2
2
3
1
1
1
6
0
1
0
4
2
3
1
1
2
2
1
4
3
1
3
1
3
0
1
1
1
0
1
6
0
0
1
2
2
4
3
3
3
0
4
3
3
3
2
3
1
4
1
1
2
2
2
3
1
1
1
2
4
2
4
3
0
1
4
5
3
1
0
0
1
0
0
0
0
3
1
2
4
3
0
1
2
1
0
2
3
2
1
2
0
1
1
2
1
5
2
1
1
0
0
0
4
3
1
1
1
1
1
2
0
2
1
3
3
2
1
2
1
1
4
2
0
0
2
2
0
1
1
1
0
1
0
1
2
1
2
2
2
0
1
0
1
2
3
2
1
3
2
3
1
0
1
2
0
2
0
0
2
5
0
2
0
4
2
1
2
1
2
2
1
0
1
0
1
1
4
2
1
0
1
2
0
2
0
1
0
2
1
1
0
3
2
4
0
0
0
2
1
2
0
3
1
1
0
0
1
3
0
1
1
1
1
1
2
1
1
2
2
1
0
1
1
0
1
2
0
0
0
0
0
2
1
2
1
1
2
0
2
0
0
0
1
0
2
1
0
2
1
0
0
1
0
1
2
3
1
3
1
1
2
0
1
3
3
0
0
2
3
0
4
0
1
0
1
2
11
15
40
55
115
156
246
326
433
433
489
413
316
271
169
103
62
41
16
12
5
7
13
4
7
4
5
3
0
4
1
3
2
2
1
2
1
1
1
1
4
2
0
2
0
0
1
0
1
0
1
1
0
1
3
1
0
2
0
0
0
1
0
0
0
1
0
1
1
0
0
1
0
0
0
0
1
0
0
1
0
1
0
2
0
0
0
0
0
0
0
0
0
0
0
0
0
0
0
0
1
0
1
0
1
0
0
0
0
0
0
0
0
0
0
0
0
0
0
0
0
0
0
0
0
1
1
0
0
0
0
0
1
0
0
3
0
0
0
0
0
0
0
0
0
0
0
1
0
0
0
0
1
0
0
0
0
0
0
0
0
0
0
0
0
0
0
0
0
0
0
0
0
0
0
0
0
0
0
1
0
0
0
0
0
0
0
0
0
1
0
0
0
0
0
0
0
1
0
0
0
2
0
0
0
0
0
1
0
0
1
0
1
0
1
0
0
0
0
0
0
0
0
0
0
0
0
0
0
0
0
0
0
0
0
0
0
0
0
0
0
0
0
0
0
0
0
0
0
0
1
0
0
0
0
0
0
0
0
0
0
0
0
1
0
0
0
0
0
0
0
0
0
0
0
0
0
0
0
1
0
0
0
0
0
0
0
0
0
0
0
0
0
0
0
0
0
0
0
0
0
0
0
0
0
0
0
0
0
0
0
0
0
0
0
0
0
0
0
0
0
1
0
0
0
1
0
0
0
0
0
0
0
0
0
0
0
0
0
0
0
0
0
0
1
0
0
0
0
0
0
1
0
0
0
0
0
0
0
0
0
0
0
0
0
0
0
0
0
0
0
0
0
0
0
0
0
0
1
0
0
0
0
0
0
1
0
0
0
0
0
0
0
0
0
0
0
0
0
0
1
0
0
0
0
0
0
0
0
0
0
0
0
0
0
0
1
0
0
0
0
0
0
0
0
0
0
0
0
1
1
0
0
0
0
0
1
0
0
0
0
0
0
0
0
0
0
0
0
0
0
0
0
0
0
0
0
0
0
0
0
0
0
0
0
0
0
0
0
0
0
0
0
0
0
0
0
0
0
0
0
0
0
1
0
1
1
0
0
0
1
1
0
0
0
0
0
0
0
0
0
0
0
0
0
1
0
0
0
0
0
0
0
0
0
0
0
0
0
0
0
0
0
0
0
0
1
1
0
0
0
0
0
0
0
0
0
0
0
0
0
0
0
0
0
0
0
1
0
0
0
0
0
0
0
0
0
0
0
0
0
0
0
0
0
0
0
0
0
0
0
1
0
0
0
0
0
1
0
0
0
0
0
0
0
0
0
1
0
0
0
0
0
0
0
0
0
0
0
0
0
0
0
0
0
0
0
0
0
0
0
0
0
0
0
0
0
0
0
0
0
0
0
0
1
0
1
0
0
0
0
0
0
0
0
0
1
0
0
0
0
0
0
1
0
0
0
0
0
0
0
0
0
1
0
0
0
1
0
0
0
0
0
1
0
0
0
0
0
0
0
0
0
1
0
0
1
0
1
0
0
0
0
0
0
0
0
0
0
0
0
0
0
0
0
0
0
0
0
0
0
0
0
0
0
0
0
0
0
0
0
0
0
0
0
0
0
0
0
0
0
0
0
0
0
0
0
1
0
0
0
0
0
0
0
0
1
0
0
0
0
0
0
0
1
0
0
0
0
0
0
0
0
0
1
0
0
0
0
0
0
0
0
0
0
0
0
0
0
0
0
0
0
0
0
0
0
0
0
0
0
0
0
0
0
0
0
0
0
0
0
0
0
0
0
0
0
0
0
0
0
0
0
0
0
0
0
0
0
0
0
0
0
0
0
0
0
0
0
0
0
0
0
0
0
0
0
0
0
0
0
0
0
0
0
0
0
0
0
0
0
0
0
0
0
0
0
0
0
0
0
0
0
0
0
0
0
0
0
0
0
0
0
0
0
0
0
0
0
0
0
0
0
0
0
0
0
0
0
0
0
0
0
0
0
0
0
1
0
0
0
0
0
0
0
0
0
0
0
0
0
0
0
0
0
0
0
0
0
0
0
0
0
0
0
0
0
0
0
0
0
0
0
1
0
0
0
0
0
1
0
0
0
0
0
0
0
0
0
0
0
0
0
1
0
0
0
0
0
0
0
0
0
0
0
0
0
0
0
0
0
0
0
0
0
0
0
0
1
0
0
0
0
0
0
0
0
0
0
0
0
0
0
0
0
0
0
0
0
0
0
0
0
0
0
0
0
0
0
0
0
0
0
0
0
0
0
0
0
0
1
0
0
0
0
0
0
1
0
0
0
0
0
0
0
0
1
0
0
0
0
0
0
0
0
0
0
0
0
0
0
0
0
0
0
0
0
0
0
1
0
0
0
0
0
0
0
0
0
0
0
0
0
0
0
0
0
0
0
0
0
0
0
0
0
0
0
0
0
0
0
0
0
0
0
0
0
1
3
1
3
3
1
2
2
4
1
3
2
3
5
0
3
6
1
1
3
1
4
3
0
2
3
4
2
1
1
1
3
1
2
9
2
2
4
2
1
1
4
1
4
2
4
4
4
5
2
3
4
1
3
3
2
2
2
1
2
3
4
2
1
2
0
2
1
2
4
2
4
1
2
3
3
3
2
1
1
4
1
6
3
4
1
4
4
3
1
2
2
3
2
7
2
2
5
5
4
1
3
4
3
4
1
7
8
2
1
6
3
4
3
4
4
1
3
1
1
2
2
2
3
3
0
5
3
